Title: ASS_v5
        Date: $M.23.12.15.2020
        User/s: Default
        Viscosity: 50
        Seconds per drop: 2
        Notes: self.add_notes(0)
        TotalTime	TimeSinceDrop	Frame	MovingPixelAvg	MovingPixels	Voltage
        76.46633720397949	81.05021405220032	879	396.8	30237	45
81.90776085853577	5.441423654556274	947	314.48580441640377	62967	45
101.4786627292633	19.57090187072754	1208	174.84922010398614	75186	45
101.55597853660583	0.0773158073425293	1209	174.84922010398614	75206	45
101.61851739883423	0.06253886222839355	1210	174.84922010398614	74761	45
101.7014102935791	0.08289289474487305	1211	174.84922010398614	83039	45
101.77591133117676	0.07450103759765625	1212	174.84922010398614	70726	45
101.84077048301697	0.06485915184020996	1213	174.84922010398614	68824	45
121.8135039806366	19.97273349761963	1482	120.05562130177515	674	45
121.88956618309021	0.07606220245361328	1483	120.05562130177515	944	45
121.96670055389404	0.07713437080383301	1484	120.05562130177515	1187	45
122.04747986793518	0.0807793140411377	1485	120.05562130177515	1184	45
122.1229362487793	0.07545638084411621	1486	120.05562130177515	697	45
161.74752283096313	39.62458658218384	2032	81.75755166931637	92545	45
Tank emptied: Unsuccesful
        Final voltage: 45
        Total drops: 14
        Average pixel noise: 72.3782456140351
        Average drop noise: 45584.07142857143
        